14
24
70
14
6
39
94
48
41
40
48
4
81
13
51
18
90
35
33
61
6
51
23
25
97
47
34
52
14
38
10
85
57
64
79
46
53
20
54
67
15
57
11
67
25
41
45
97
39
2
65
99
52
99
54
62
6
97
54
21
66
63
83
32
59
15
7
18
61
78
25
19
29
64
12
76
41
70
75
33
33
30
77
78
42
16
37
29
75
32
13
46
34
38
17
43
21
19
78
7
17
45
96
50
33
78
70
63
65
29
27
15
67
36
38
7
89
81
97
97
76
85
39
5
27
99
44
41
85
47
91
45
65
91
28
69
9
68
72
18
63
95
91
41
44
13
78
77
39
79
54
69
49
78
34
3
21
87
43
77
96
72
28
55
87
33
38
68
67
17
10
2
43
87
75
28
2
65
65
57
14
75
65
64
57
45
73
45
39
5
8
89
1
70
93
5
12
83
92
74
71
95
50
91
92
89
34
34
73
73
6
10
81
17
93
31
77
71
40
39
49
3
46
97
58
46
76
92
48
7
42
15
87
69
32
31
42
94
35
19
57
75
69
41
52
60
89
81
7
64
80
19
93
86
1
18
86
78
37
46
37
15
71
25
54
32
79
32
56
76
33
18
27
81
34
65
100
23
15
48
2
40
84
99
36
47
97
7
23
91
18
64
45
77
78
59
85
58
47
79
45
85
89
48
64
11
68
99
4
62
81
71
36
49
91
44
44
23
10
23
27
63
85
66
60
62
77
44
87
81
93
68
7
70
96
33
4
53
23
86
23
75
11
10
88
13
21
73
85
82
68
22
85
41
85
75
30
2
23
52
11
3
66
74
87
18
44
63
23
51
63
34
85
28
32
72
51
95
32
86
55
30
68
69
60
92
36
28
21
83
69
97
25
21
25
33
67
36
1
66
38
16
13
88
12
3
92
81
68
90
97
10
28
42
28
84
57
82
38
2
98
57
43
54
14
85
86
58
84
36
25
17
37
64
33
25
63
83
97
54
93
47
15
80
35
26
51
4
13
66
10
78
30
86
46
11
98
76
88
79
63
62
92
66
36
74
17
72
3
49
79
17
76
7
39
35
62
98
29
76
15
19
54
14
28
1
89
40
85
11
86
2
84
34
64
86
55
79
21
47
1
5
85
35
76
71
33
45
81
99
62
74
42
84
41
60
97
96
35
92
43
76
73
99
70
19
64
61
24
73
9
37
47
37
95
77
94
97
50
63
94
21
2
40
33
43
22
84
25
39
87
21
96
79
17
21
1
26
91
80
12
51
30
84
98
83
57
96
34
13
44
98
18
71
27
45
77
17
69
32
82
14
82
35
50
30
36
36
52
29
53
74
82
68
16
5
50
39
57
44
90
63
94
16
78
51
39
89
30
91
31
7
60
87
27
60
39
46
88
91
57
9
25
63
71
27
9
42
29
85
8
99
56
71
67
69
39
65
83
9
58
64
27
78
27
90
45
45
100
83
90
3
100
30
34
38
90
87
7
26
16
37
63
35
61
38
91
39
57
59
93
27
3
18
57
12
11
42
56
83
70
91
62
66
24
31
66
65
60
7
44
72
87
24
61
99
29
56
70
20
49
69
68
9
78
23
37
29
5
84
81
52
8
91
94
96
76
45
3
11
62
98
84
1
86
92
86
23
68
54
5
14
4
16
62
61
77
58
61
85
2
45
66
98
47
84
44
90
65
52
81
100
17
16
51
79
20
27
61
60
77
60
60
59
100
3
13
46
23
58
94
76
54
33
39
22
63
78
48
12
54
42
73
92
92
73
74
93
78
9
62
45
84
3
35
77
63
56
84
20
35
91
75
76
48
46
86
11
73
47
72
13
72
15
99
83
28
67
66
40
77
92
59
76
5
21
77
53
36
81
34
3
15
58
63
85
22
17
52
78
64
7
77
61
55
2
62
37
95
54
20
47
29
1
82
26
30
10
7
33
88
45
22
66
69
12
93
20
89
72
73
40
34
25
10
10
8
9
2
40
69
26
35
18
43
62
9
79
35
88
81
48
33
84
20
53
47
10
65
13
4
24
24
13
68
44
26
85
94
88
85
76
42
23
67
1
35
56
83
87
15
91
64
70
86
41
64
15
12
89
60
51
36
88
2
32
40
46
31
96
48
33
11
31
45
75
3
83
84
89
54
59
49
88
43
82
37
19
24
81
29
61
71
26
86
17
23
5
27
23
51
73
17
4
46
25
7
59
60
7
92
2
39
67
81
24
55
81
54
66
2
48
85
37
69
19
10
69
55
78
